0.085689 65.400002
0.091803 66.000000
0.097978 66.599998
0.104182 67.199997
0.110387 67.800003
0.116562 68.400002
0.122680 69.000000
0.128713 69.599998
0.134638 70.199997
0.140432 70.800003
0.146076 71.400002
0.151552 72.000000
0.156849 72.599998
0.161953 73.199997
0.166859 73.800003
0.171562 74.400002
0.176061 75.000000
0.180358 75.599998
0.184458 76.199997
0.188368 76.800003
0.192099 77.400002
0.195664 78.000000
0.199078 78.599998
0.202359 79.199997
0.205527 79.800003
0.208603 80.400002
0.211610 81.000000
0.214730 81.599998
0.218914 82.199997
0.225431 82.800003
0.235750 83.400002
0.251721 84.000000
0.275901 84.599998
0.312099 85.199997
0.365635 85.800003
0.430026 86.400002
0.501408 87.000000
0.579761 87.599998
0.664928 88.199997
0.756622 88.800003
0.854414 89.400002
0.957750 90.000000
1.065949 90.599998
1.178226 91.199997
1.293703 91.800003
1.411434 92.400002
1.530424 93.000000
1.649653 93.600006
1.768103 94.199997
1.884777 94.800003
1.998725 95.400002
2.109060 96.000000
2.214978 96.600006
2.315771 97.199997
2.410838 97.800003
2.499691 98.400002
2.581959 99.000000
2.657391 99.600006
2.725848 100.199997
2.787307 100.800003
2.841845 101.400002
2.889637 102.000000
2.930939 102.600006
2.966087 103.199997
2.995477 103.800003
3.019558 104.400002
3.038820 105.000000
3.053784 105.600006
3.064992 106.199997
3.072999 106.800003
3.078360 107.400002
3.081629 108.000000
3.083346 108.600006
3.084032 109.199997
3.084172 109.800003
3.083631 110.400002
3.081023 111.000000
3.076692 111.600006
3.071076 112.199997
3.064568 112.800003
3.057519 113.400002
3.050237 114.000000
3.042998 114.600006
3.036039 115.199997
3.029569 115.800003
3.023761 116.400002
3.018766 117.000000
3.014703 117.600006
3.011670 118.199997
3.009742 118.800003
3.008974 119.400002
3.009404 120.000000
3.011055 120.600006
3.013937 121.199997
3.018052 121.800003
3.023393 122.400002
3.029950 123.000000
3.037711 123.600006
3.046665 124.200005
3.056806 124.800003
3.068133 125.400002
3.080655 126.000000
3.103851 126.600006
3.130420 127.200005
3.156765 127.800003
3.182892 128.399994
3.208807 129.000000
3.234514 129.600006
3.260019 130.200012
3.285325 130.800003
3.310439 131.399994
3.335363 132.000000
3.360102 132.600006
3.384660 133.200012
3.409041 133.800003
3.433250 134.399994
3.457289 135.000000
3.481161 135.600006
3.504871 136.200012
3.528422 136.800003
3.551817 137.399994
3.575059 138.000000
3.598150 138.600006
3.621094 139.200012
3.643894 139.800003
3.666552 140.399994
3.689071 141.000000
3.711453 141.600006
3.733701 142.200012
3.755818 142.800003
3.777804 143.399994
3.799664 144.000000
3.820026 144.600006
3.837635 145.200012
3.854977 145.800003
3.872042 146.399994
3.888825 147.000000
3.905320 147.600006
3.921518 148.200012
3.937413 148.800003
3.952997 149.399994
3.968261 150.000000
3.983198 150.600006
3.997797 151.200012
4.012049 151.800003
4.025941 152.399994
4.039465 153.000000
4.052607 153.600006
4.065353 154.200012
4.077687 154.800003
4.089593 155.399994
4.101051 156.000000
4.112040 156.600006
4.122536 157.200012
4.132509 157.800003
4.141926 158.399994
4.150745 159.000000
4.158912 159.600006
4.166364 160.200012
4.173004 160.800003
4.178699 161.399994
4.183205 162.000000
4.185857 162.600006
4.218264 163.200012
4.251700 163.800003
4.285108 164.399994
4.318484 165.000000
4.351822 165.600006
4.385118 166.200012
4.418368 166.800003
4.451566 167.399994
4.484709 168.000000
4.517791 168.600006
4.550807 169.200012
4.583753 169.800003
4.616625 170.399994
4.649416 171.000000
4.682123 171.600006
4.714742 172.200012
4.747266 172.800003
4.779691 173.399994
4.812013 174.000000
4.844226 174.600006
4.876327 175.200012
4.908309 175.800003
4.940169 176.399994
4.971901 177.000000
5.003501 177.600006
5.034963 178.200012
5.066284 178.800003
5.097459 179.399994
5.128481 180.000000
5.159348 180.600006
5.190054 181.200012
5.220594 181.800003
5.250965 182.399994
5.281160 183.000000
5.311176 183.600006
5.341008 184.200012
5.370651 184.800003
5.400101 185.399994
5.429353 186.000000
5.458402 186.600006
5.487245 187.200012
5.515876 187.800003
5.544291 188.400009
5.572487 189.000000
5.600459 189.600006
5.628201 190.200012
5.655710 190.800003
5.682982 191.400009
5.710013 192.000000
5.736798 192.600006
5.763334 193.200012
5.789616 193.800003
5.815640 194.400009
5.841403 195.000000
5.866900 195.600006
5.892128 196.200012
5.917083 196.800003
5.941762 197.400009
5.966159 198.000000
5.990274 198.600006
6.014100 199.200012
6.037635 199.800003
6.060876 200.400009
6.083820 201.000000
6.106463 201.600006
6.128801 202.200012
6.150833 202.800003
6.172554 203.400009
6.193962 204.000000
6.215054 204.600006
6.235827 205.200012
6.256279 205.800003
6.276406 206.400009
6.296207 207.000000
6.315678 207.600006
6.334818 208.200012
6.353623 208.800003
6.372093 209.400009
6.390225 210.000000
6.408016 210.600006
6.425466 211.200012
6.442571 211.800003
6.459330 212.400009
6.475742 213.000000
6.491805 213.600006
6.507518 214.200012
6.522880 214.800003
6.537888 215.400009
6.552542 216.000000
6.566841 216.600006
6.580784 217.200012
6.594371 217.800003
6.607599 218.400009
6.620470 219.000000
6.632983 219.600006
6.645136 220.200012
6.656931 220.800003
6.668366 221.400009
6.679442 222.000000
6.690160 222.600006
6.700518 223.200012
6.710518 223.800003
6.720160 224.400009
6.729446 225.000000
6.738374 225.600006
6.746948 226.200012
6.755166 226.800003
6.763033 227.400009
6.770547 228.000000
6.777711 228.600006
6.784526 229.200012
6.790995 229.800003
6.797119 230.400009
6.802901 231.000000
6.808343 231.600006
6.813449 232.200012
6.818218 232.800003
6.822657 233.400009
6.826768 234.000000
6.830554 234.600006
6.834020 235.200012
6.837168 235.800003
6.840004 236.400009
6.842534 237.000000
6.844761 237.600006
6.846692 238.200012
6.848333 238.800003
6.849691 239.400009
6.850775 240.000000
6.851594 240.600006
6.852157 241.200012
6.852482 241.800003
6.852588 242.400009
6.852501 243.000000
6.852224 243.600006
6.851755 244.200012
6.851097 244.800003
6.850253 245.400009
6.849222 246.000000
6.848008 246.600006
6.846611 247.200012
6.845032 247.800003
6.843276 248.400009
6.841341 249.000000
6.839231 249.600006
6.836946 250.200012
6.834489 250.800003
6.831861 251.400009
6.829064 252.000000
6.826100 252.600006
6.822970 253.200012
6.819675 253.800003
6.816219 254.400009
6.812602 255.000015
6.808826 255.600006
6.804894 256.200012
6.800806 256.799988
6.796565 257.400024
6.792170 258.000000
6.787627 258.600006
6.782934 259.200012
6.778095 259.799988
6.773112 260.400024
6.767985 261.000000
6.762717 261.600006
6.757309 262.200012
6.751763 262.799988
6.746080 263.400024
6.740264 264.000000
6.734314 264.600006
6.728233 265.200012
6.722024 265.799988
6.715686 266.400024
6.709222 267.000000
6.702635 267.600006
6.695925 268.200012
6.689093 268.799988
6.682144 269.400024
6.675076 270.000000
6.667893 270.600006
6.660596 271.200012
6.653186 271.799988
6.645666 272.400024
6.638036 273.000000
6.630300 273.600006
6.622457 274.200012
6.614511 274.799988
6.606461 275.400024
6.598311 276.000000
6.590062 276.600006
6.581715 277.200012
6.573272 277.799988
6.564734 278.400024
6.556104 279.000000
6.547381 279.600006
6.538569 280.200012
6.529669 280.799988
6.520682 281.400024
6.511610 282.000000
6.502454 282.600006
6.493216 283.200012
6.483897 283.799988
6.474498 284.400024
6.465022 285.000000
6.455470 285.600006
6.445843 286.200012
6.436142 286.799988
6.426369 287.400024
6.416526 288.000000
6.406613 288.600006
6.396632 289.200012
6.386585 289.799988
6.376473 290.400024
6.366297 291.000000
6.356059 291.600006
6.345760 292.200012
6.335400 292.799988
6.324983 293.400024
6.314508 294.000000
6.303977 294.600006
6.293392 295.200012
6.282753 295.799988
6.272063 296.400024
6.261321 297.000000
6.250530 297.600006
6.239690 298.200012
6.228803 298.799988
6.217869 299.400024
6.206892 300.000000
6.195870 300.600006
6.184805 301.200012
6.173700 301.799988
6.162553 302.400024
6.151368 303.000000
6.140144 303.600006
6.128884 304.200012
6.117587 304.799988
6.106255 305.400024
6.094890 306.000000
6.083492 306.600006
6.072062 307.200012
6.060601 307.799988
6.049111 308.400024
6.037591 309.000000
6.026044 309.600006
6.014469 310.200012
6.002870 310.799988
5.991244 311.400024
5.979595 312.000000
5.967923 312.600006
5.956229 313.200012
5.944513 313.799988
5.932777 314.400024
5.921022 315.000000
5.909247 315.600006
5.897454 316.200012
5.885645 316.800018
5.873820 317.400024
5.861979 318.000000
5.850124 318.600006
5.838254 319.200012
5.826373 319.800018
5.814479 320.400024
5.802572 321.000000
5.790656 321.600006
5.778730 322.200012
5.766794 322.800018
5.754849 323.400024
5.742898 324.000000
5.730939 324.600006
5.718974 325.200012
5.707003 325.800018
5.695026 326.400024
5.683046 327.000000
5.671062 327.600006
5.659075 328.200012
5.647086 328.800018
5.635094 329.400024
5.623101 330.000000
5.611107 330.600006
5.599114 331.200012
5.587121 331.800018
5.575129 332.400024
5.563139 333.000000
5.551152 333.600006
5.539166 334.200012
5.527185 334.800018
5.515207 335.400024
5.503234 336.000000
5.491266 336.600006
5.479303 337.200012
5.467346 337.800018
5.455395 338.400024
5.443452 339.000000
5.431515 339.600006
5.419586 340.200012
5.407666 340.800018
5.395755 341.400024
5.383852 342.000000
5.371960 342.600006
5.360077 343.200012
5.348205 343.800018
5.336343 344.400024
5.324493 345.000000
5.312655 345.600006
5.300829 346.200012
5.289015 346.800018
5.277214 347.400024
5.265426 348.000000
5.253652 348.600006
5.241891 349.200012
5.230145 349.800018
5.218413 350.400024
5.206697 351.000000
5.194996 351.600006
5.183310 352.200012
5.171640 352.800018
5.159986 353.400024
5.148349 354.000000
5.136729 354.600006
5.125126 355.200012
5.113540 355.800018
5.101972 356.400024
5.090422 357.000000
5.078890 357.600006
5.067376 358.200012
5.055882 358.800018
5.044406 359.400024
5.032949 360.000000
5.021513 360.600006
5.010095 361.200012
4.998698 361.800018
4.987321 362.400024
4.975964 363.000000
4.964628 363.600006
4.953313 364.200012
4.942018 364.800018
4.930745 365.400024
4.919493 366.000000
4.908263 366.600006
4.897055 367.200012
4.885869 367.800018
4.874705 368.400024
4.863563 369.000000
4.852444 369.600006
4.841348 370.200012
4.830274 370.800018
4.819223 371.400024
4.808196 372.000000
4.797192 372.600006
4.786211 373.200012
4.775254 373.800018
4.764321 374.400024
4.753411 375.000000
4.742526 375.600006
4.731664 376.200012
4.720827 376.800018
4.710014 377.400024
4.699226 378.000000
4.688462 378.600006
4.677723 379.200012
4.667009 379.800018
4.656320 380.400024
4.645656 381.000000
4.635017 381.600006
4.624403 382.200012
4.613814 382.800018
4.603250 383.400024
4.592713 384.000000
4.582200 384.600006
4.571714 385.200012
4.561253 385.800018
4.550817 386.400024
4.540408 387.000000
4.530024 387.600006
4.519667 388.200012
4.509335 388.800018
4.499030 389.400024
4.488750 390.000000
4.478497 390.600006
4.468270 391.200012
4.458070 391.800018
4.447895 392.400024
4.437748 393.000000
4.427626 393.600006
4.417532 394.200012
4.407462 394.800018
4.397421 395.400024
4.387405 396.000000
4.377416 396.600006
4.367454 397.200012
4.357518 397.800018
4.347609 398.400024
4.337727 399.000000
4.327871 399.600006
4.318043 400.200012
4.308240 400.800018
4.298465 401.400024
4.288716 402.000000
4.278994 402.600006
4.269300 403.200012
4.259631 403.800018
4.249990 404.400024
4.240375 405.000000
4.230787 405.600006
4.221226 406.200012
4.211692 406.800018
4.202184 407.400024
4.192704 408.000000
4.183249 408.600006
4.173822 409.200012
4.164422 409.800018
4.155049 410.400024
4.145701 411.000000
4.136382 411.600006
4.127088 412.200012
4.117822 412.800018
4.108582 413.400024
4.099368 414.000000
4.090182 414.600006
4.081022 415.200012
4.071888 415.800018
4.062781 416.400024
4.053701 417.000000
4.044647 417.600006
4.035620 418.200012
4.026619 418.800018
4.017645 419.400024
4.008697 420.000000
3.999775 420.600006
3.990880 421.200012
3.982011 421.800018
3.973169 422.400024
3.964352 423.000000
3.955562 423.600006
3.946798 424.200012
3.938060 424.800018
3.929349 425.400024
3.920663 426.000000
3.912003 426.600006
3.903370 427.200012
3.894763 427.800018
3.886180 428.400024
3.877624 429.000000
3.869095 429.600006
3.860590 430.200012
3.852111 430.800018
3.843658 431.400024
3.835231 432.000000
3.826829 432.600006
3.818453 433.200012
3.810103 433.800018
3.801777 434.400024
3.793478 435.000000
3.785203 435.600006
3.776954 436.200012
3.768730 436.800018
3.760531 437.400024
3.752357 438.000000
3.744209 438.600006
3.736085 439.200012
3.727987 439.800018
3.719913 440.400024
3.711864 441.000000
3.703840 441.600006
3.695840 442.200012
3.687866 442.800018
3.679916 443.400024
3.671991 444.000000
3.664090 444.600006
3.656213 445.200012
3.648361 445.800018
3.640533 446.400024
3.632730 447.000031
3.624951 447.600006
3.617196 448.200012
3.609465 448.800018
3.601758 449.400024
3.594076 450.000031
3.586416 450.600006
3.578781 451.200012
3.571170 451.800018
3.563583 452.400024
3.556019 453.000031
3.548478 453.600006
3.540962 454.200012
3.533469 454.800018
3.525999 455.400024
3.518552 456.000031
3.511129 456.600006
3.503729 457.200012
3.496352 457.800018
3.488999 458.400024
3.481669 459.000031
3.474361 459.600006
3.467076 460.200012
3.459814 460.800018
3.452576 461.400024
3.445359 462.000031
3.438166 462.600006
3.430995 463.200012
3.423846 463.800018
3.416720 464.400024
3.409616 465.000031
3.402535 465.600006
3.395476 466.200012
3.388438 466.800018
3.381424 467.400024
3.374431 468.000031
3.367460 468.600006
3.360512 469.200012
3.353585 469.800018
3.346679 470.400024
3.339796 471.000031
3.332935 471.600006
3.326094 472.200012
3.319276 472.800018
3.312480 473.400024
3.305703 474.000031
3.298949 474.600006
3.292216 475.200012
3.285504 475.800018
3.278813 476.400024
3.272144 477.000031
3.265495 477.600006
3.258867 478.200012
3.252260 478.800018
3.245674 479.400024
3.239109 480.000031
3.232564 480.600006
3.226040 481.200012
3.219537 481.800018
3.213054 482.400024
3.206591 483.000031
3.200148 483.600006
3.193726 484.200012
3.187325 484.800018
3.180943 485.400024
3.174582 486.000031
3.168240 486.600006
3.161918 487.200012
3.155617 487.800018
3.149335 488.400024
3.143073 489.000031
3.136830 489.600006
3.130607 490.200012
3.124404 490.800018
3.118220 491.400024
3.112056 492.000031
3.105911 492.600006
3.099785 493.200012
3.093678 493.800018
3.087591 494.400024
3.081523 495.000031
3.075474 495.600006
3.069444 496.200012
3.063432 496.800018
3.057439 497.400024
3.051466 498.000031
3.045511 498.600006
3.039574 499.200012
3.033657 499.800018
3.027757 500.400024
3.021877 501.000031
3.016014 501.600006
3.010171 502.200012
3.004344 502.800018
2.998537 503.400024
2.992747 504.000031
2.986976 504.600006
2.981222 505.200012
2.975488 505.800018
2.969770 506.400024
2.964070 507.000031
2.958388 507.600006
2.952724 508.200012
2.947077 508.800018
2.941449 509.400024
2.935837 510.000031
2.930243 510.600006
2.924666 511.200012
2.919108 511.800018
2.913566 512.400024
2.908041 513.000000
2.902534 513.599976
2.897044 514.200012
2.891571 514.800049
2.886114 515.400024
2.880675 516.000000
2.875252 516.599976
2.869847 517.200012
2.864458 517.800049
2.859086 518.400024
2.853730 519.000000
2.848391 519.599976
2.843069 520.200012
2.837762 520.800049
2.832473 521.400024
2.827199 522.000000
2.821942 522.599976
2.816701 523.200012
2.811476 523.800049
2.806267 524.400024
2.801075 525.000000
2.795898 525.599976
2.790737 526.200012
2.785592 526.800049
2.780463 527.400024
2.775350 528.000000
2.770252 528.599976
2.765170 529.200012
2.760104 529.800049
2.755053 530.400024
2.750017 531.000000
2.744997 531.599976
2.739992 532.200012
2.735003 532.800049
2.730029 533.400024
2.725070 534.000000
2.720126 534.599976
2.715197 535.200012
2.710283 535.800049
2.705384 536.400024
2.700501 537.000000
2.695632 537.599976
2.690778 538.200012
2.685938 538.800049
2.681114 539.400024
2.676303 540.000000
2.671508 540.599976
2.666727 541.200012
2.661961 541.800049
2.657209 542.400024
2.652471 543.000000
2.647748 543.599976
2.643039 544.200012
2.638344 544.800049
2.633664 545.400024
2.628997 546.000000
2.624345 546.599976
2.619706 547.200012
2.615082 547.800049
2.610471 548.400024
2.605875 549.000000
2.601292 549.599976
2.596723 550.200012
2.592168 550.800049
2.587626 551.400024
2.583098 552.000000
2.578584 552.599976
2.574083 553.200012
2.569596 553.800049
2.565121 554.400024
2.560661 555.000000
2.556214 555.599976
2.551780 556.200012
2.547359 556.800049
2.542952 557.400024
2.538557 558.000000
2.534176 558.599976
2.529807 559.200012
2.525452 559.800049
2.521109 560.400024
2.516780 561.000000
2.512463 561.599976
2.508159 562.200012
2.503868 562.800049
2.499590 563.400024
2.495324 564.000000
2.491071 564.599976
2.486830 565.200012
2.482602 565.800049
2.478387 566.400024
2.474184 567.000000
2.469993 567.599976
2.465815 568.200012
2.461649 568.800049
2.457495 569.400024
2.453354 570.000000
2.449224 570.599976
2.445107 571.200012
2.441001 571.800049
2.436908 572.400024
2.432827 573.000000
2.428758 573.600037
2.424700 574.200012
2.420655 574.800049
2.416621 575.400024
2.412599 576.000000
2.408589 576.600037
2.404590 577.200012
2.400604 577.800049
2.396628 578.400024
2.392664 579.000000
2.388713 579.600037
2.384772 580.200012
2.380842 580.800049
2.376924 581.400024
2.373018 582.000000
2.369123 582.600037
2.365239 583.200012
2.361366 583.800049
2.357504 584.400024
2.353654 585.000000
2.349815 585.600037
2.345986 586.200012
2.342169 586.800049
2.338363 587.400024
2.334568 588.000000
2.330783 588.600037
2.327010 589.200012
2.323247 589.800049
2.319495 590.400024
2.315754 591.000000
2.312024 591.600037
2.308304 592.200012
2.304595 592.800049
2.300896 593.400024
2.297209 594.000000
2.293531 594.600037
2.289864 595.200012
2.286207 595.800049
2.282561 596.400024
2.278926 597.000000
2.275300 597.600037
2.271685 598.200012
2.268080 598.800049
2.264485 599.400024
